12
12
12
12
12
12
12
12
10
11
12
13
14
15
16
17
17
17
17
17
17
17
17
17
18
19
12
12
12
12
12
12
12
10
11
12
13
14
15
16
17
17
17
17
17
17
17
17
18
19
12
12
12
12
12
12
12
10
11
12
13
14
15
16
17
17
17
17
17
17
17
17
18
19
12
12
12
12
12
12
12
10
11
12
13
14
15
16
17
17
17
17
17
17
17
17
18
19
12
12
12
10
11
12
13
14
15
16
17
17
17
17
18
19
12
12
12
10
11
12
13
14
15
16
17
17
17
17
18
19
12
12
12
10
11
12
13
14
15
16
17
17
17
17
18
19
12
12
12
12
12
12
12
10
11
12
13
14
15
16
17
17
17
17
17
17
17
17
18
19
12
12
12
12
12
12
12
10
11
12
13
14
15
16
17
17
17
17
17
17
17
17
18
19
12
12
12
12
12
12
12
10
11
12
13
14
15
16
17
17
17
17
17
17
17
17
18
19
12
12
12
12
12
12
12
10
11
12
13
14
15
16
17
17
17
17
17
17
17
17
18
19
12
12
12
12
12
12
12
12
10
11
12
13
14
15
16
17
17
17
17
17
17
17
17
17
18
19
