# relative_time, cycles_done, cur_item, corpus_count, pending_total, pending_favs, map_size, saved_crashes, saved_hangs, max_depth, execs_per_sec, total_execs, edges_found
362, 0, 0, 2, 2, 1, 2.78%, 0, 0, 2, 0.04, 15, 1530
367, 0, 0, 4, 2, 0, 100.00%, 0, 1, 2, 777.83, 1998, 54992
372, 0, 0, 4, 2, 0, 100.00%, 0, 1, 2, 490.32, 4106, 54992
377, 0, 0, 4, 0, 0, 100.00%, 0, 1, 2, 466.48, 6334, 54992
382, 1, 0, 4, 0, 0, 100.00%, 0, 1, 2, 449.54, 8617, 54992
387, 1, 0, 4, 0, 0, 100.00%, 0, 1, 2, 419.92, 10726, 54992
392, 1, 0, 4, 0, 0, 100.00%, 0, 1, 2, 439.89, 12990, 54992
398, 2, 3, 4, 0, 0, 100.00%, 0, 1, 2, 554.84, 15765, 54992
403, 2, 0, 4, 0, 0, 100.00%, 0, 1, 2, 441.98, 17876, 54992
408, 3, 0, 4, 0, 0, 100.00%, 0, 1, 2, 418.65, 19980, 54992
413, 3, 0, 5, 1, 0, 100.00%, 0, 1, 2, 415.52, 22099, 54992
418, 3, 0, 5, 0, 0, 100.00%, 0, 1, 2, 413.51, 24199, 54992
423, 3, 4, 5, 0, 0, 100.00%, 0, 1, 2, 990.70, 28731, 54992
428, 4, 0, 5, 0, 0, 100.00%, 0, 1, 2, 715.37, 31753, 54992
433, 4, 0, 5, 0, 0, 100.00%, 0, 1, 2, 473.86, 33863, 54992
438, 4, 0, 5, 0, 0, 100.00%, 0, 1, 2, 425.20, 35967, 54992
443, 5, 0, 5, 0, 0, 100.00%, 0, 1, 2, 415.40, 38083, 54992
448, 5, 0, 5, 0, 0, 100.00%, 0, 1, 2, 411.04, 40171, 54992
453, 5, 0, 5, 0, 0, 100.00%, 0, 1, 2, 411.91, 42271, 54992
459, 6, 0, 5, 0, 0, 100.00%, 0, 1, 2, 811.19, 45904, 54992
464, 6, 0, 5, 0, 0, 100.00%, 0, 1, 2, 498.39, 48039, 54992
469, 6, 0, 5, 0, 0, 100.00%, 0, 1, 2, 604.49, 51495, 54992
474, 6, 0, 5, 0, 0, 100.00%, 0, 1, 2, 631.19, 55097, 54992
479, 7, 0, 5, 0, 0, 100.00%, 0, 1, 2, 579.00, 57718, 54992
484, 7, 0, 5, 0, 0, 100.00%, 0, 1, 2, 445.86, 59813, 54992
489, 8, 0, 5, 0, 0, 100.00%, 0, 1, 2, 432.64, 62081, 54992
494, 8, 0, 6, 1, 0, 100.00%, 0, 1, 2, 417.38, 64180, 54992
496, 8, 0, 6, 1, 0, 100.00%, 0, 1, 2, 411.53, 65010, 54992
